Tabu Search Results
============================================================

+--------+-------------------------+--------+-------------+----------+-----------+---------------+--------+------------+------------+------------+------------+------------+----------------------------------------------+
|   Rank | Function                |   Runs |   Neighbors |   Tenure |   MaxIter | Bounds        |   Dims |     Best f |      Avg f |   Median f |      Max f |      Std f | Best x                                       |
+========+=========================+========+=============+==========+===========+===============+========+============+============+============+============+============+==============================================+
|      1 | Step                    |     25 |          60 |       12 |      2000 | (-5.12, 5.12) |      5 | 0          | 0          | 0          | 0          | 0          | [0.0771, 0.5113, -0.0148, -0.3499, -0.1349]  |
+--------+-------------------------+--------+-------------+----------+-----------+---------------+--------+------------+------------+------------+------------+------------+----------------------------------------------+
|      2 | Sixth_Power             |     25 |          40 |        8 |      2000 | (-1, 1)       |      5 | 2.4122e-28 | 5.6403e-23 | 1.3796e-23 | 3.615e-22  | 9.8128e-23 | [-0.0000, 0.0000, -0.0000, -0.0000, -0.0000] |
+--------+-------------------------+--------+-------------+----------+-----------+---------------+--------+------------+------------+------------+------------+------------+----------------------------------------------+
|      3 | Csendes                 |     25 |          40 |        8 |      2000 | (-1, 1)       |      5 | 2.0264e-26 | 1.7946e-22 | 1.373e-23  | 1.5085e-21 | 3.9556e-22 | [0.0000, 0.0000, -0.0000, 0.0000, -0.0000]   |
+--------+-------------------------+--------+-------------+----------+-----------+---------------+--------+------------+------------+------------+------------+------------+----------------------------------------------+
|      4 | Quartic                 |     25 |          35 |        7 |      1500 | (-1.28, 1.28) |      5 | 1.1614e-15 | 1.2185e-13 | 3.8217e-14 | 8.2312e-13 | 2.0361e-13 | [-0.0001, 0.0001, -0.0000, 0.0001, 0.0000]   |
+--------+-------------------------+--------+-------------+----------+-----------+---------------+--------+------------+------------+------------+------------+------------+----------------------------------------------+
|      5 | Sum_of_Different_Powers |     25 |          40 |        8 |      2000 | (-1, 1)       |      5 | 1.3251e-15 | 1.7034e-11 | 2.7575e-12 | 1.2506e-10 | 2.9121e-11 | [0.0000, -0.0000, -0.0000, -0.0000, 0.0001]  |
+--------+-------------------------+--------+-------------+----------+-----------+---------------+--------+------------+------------+------------+------------+------------+----------------------------------------------+
|      6 | Schumer_Steiglitz       |     25 |          40 |        8 |      2000 | (-10, 10)     |      5 | 2.9026e-15 | 4.1169e-11 | 5.2985e-12 | 4.5078e-10 | 1.0113e-10 | [0.0002, -0.0001, -0.0000, -0.0002, 0.0000]  |
+--------+-------------------------+--------+-------------+----------+-----------+---------------+--------+------------+------------+------------+------------+------------+----------------------------------------------+
|      7 | Powell                  |     25 |          50 |       10 |      2500 | (-4, 5)       |      4 | 4.2128e-10 | 1.8109e-07 | 7.8313e-08 | 1.0927e-06 | 2.4934e-07 | [-0.0013, 0.0001, -0.0016, -0.0016]          |
+--------+-------------------------+--------+-------------+----------+-----------+---------------+--------+------------+------------+------------+------------+------------+----------------------------------------------+
|      8 | Dixon_Price             |     25 |          60 |       12 |      3000 | (-10, 10)     |      5 | 1.3373e-08 | 9.523e-05  | 3.26e-07   | 0.0023213  | 0.00045443 | [1.0000, 0.7071, 0.5946, 0.5452, -0.5221]    |
+--------+-------------------------+--------+-------------+----------+-----------+---------------+--------+------------+------------+------------+------------+------------+----------------------------------------------+
|      9 | Brown                   |     25 |          40 |        8 |      2000 | (-1, 4)       |      5 | 1.4558e-08 | 2.2921e-07 | 1.4512e-07 | 1.2182e-06 | 2.5843e-07 | [-0.0000, -0.0000, 0.0001, 0.0000, 0.0000]   |
+--------+-------------------------+--------+-------------+----------+-----------+---------------+--------+------------+------------+------------+------------+------------+----------------------------------------------+
|     10 | Exponential             |     25 |          35 |        7 |      1500 | (-1, 1)       |      5 | 1.4597e-08 | 8.9318e-08 | 5.8111e-08 | 2.5505e-07 | 7.2756e-08 | [-0.0000, -0.0001, -0.0000, -0.0002, 0.0000] |
+--------+-------------------------+--------+-------------+----------+-----------+---------------+--------+------------+------------+------------+------------+------------+----------------------------------------------+
|     11 | Sphere                  |     25 |          40 |        8 |      2000 | (-5.12, 5.12) |      5 | 4.1494e-08 | 1.0945e-06 | 7.1091e-07 | 5.7513e-06 | 1.2705e-06 | [0.0000, -0.0000, 0.0001, -0.0001, 0.0001]   |
+--------+-------------------------+--------+-------------+----------+-----------+---------------+--------+------------+------------+------------+------------+------------+----------------------------------------------+
|     12 | Zakharov                |     25 |          50 |       10 |      2500 | (-5, 10)      |      5 | 5.3292e-08 | 1.3206e-06 | 3.1926e-07 | 8.6714e-06 | 2.0465e-06 | [-0.0002, 0.0001, 0.0001, 0.0000, -0.0001]   |
+--------+-------------------------+--------+-------------+----------+-----------+---------------+--------+------------+------------+------------+------------+------------+----------------------------------------------+
|     13 | Discus                  |     25 |          60 |       12 |      3000 | (-10, 10)     |      5 | 1.134e-07  | 5.6109e-05 | 8.9531e-06 | 0.00042058 | 9.8176e-05 | [-0.0000, 0.0000, -0.0001, -0.0002, 0.0002]  |
+--------+-------------------------+--------+-------------+----------+-----------+---------------+--------+------------+------------+------------+------------+------------+----------------------------------------------+
|     14 | Rotated_Hyper_Ellipsoid |     25 |          50 |       10 |      2500 | (-30, 30)     |      5 | 2.4115e-07 | 1.2288e-05 | 1.9338e-06 | 0.00012712 | 2.6638e-05 | [0.0002, -0.0000, -0.0001, 0.0002, -0.0000]  |
+--------+-------------------------+--------+-------------+----------+-----------+---------------+--------+------------+------------+------------+------------+------------+----------------------------------------------+
|     15 | Sum_of_Squares          |     25 |          40 |        8 |      2000 | (-10, 10)     |      5 | 3.7799e-07 | 9.8108e-06 | 6.8686e-06 | 3.3613e-05 | 9.3833e-06 | [-0.0001, 0.0003, -0.0001, 0.0001, 0.0001]   |
+--------+-------------------------+--------+-------------+----------+-----------+---------------+--------+------------+------------+------------+------------+------------+----------------------------------------------+
